2535435060752540
2535456273934989
2535457421291375
2535431368587076
2535443474355730
2535422454196166
2535439546064882
2535451808985270
2535449351501887
2535442509047384
2533274819933060
2535424485071479
2535470462978561
2535468911673242
2535452645434057
2535428177987625
2535442340785327
2535417783786810
2535471419456723
2535430546388411
2535412920690468
2535439235941598
2535413236982127
2535433757760750
2535438765813179
2535411648753082
2535429629147235
2535415349494650
2535451266118903
2535413618558167
2535444718424000
2535439220208178
2535430543984972
2535420445021681
2535449949341950
2535473277656750
2535439068332395
2535438195553500
2535462033022246
2535455058198736
2535453216214175
2535417806635345
2535405235418566
2535416967650622
2535431679415909
2535433150505729
2535454930181211
2533275014074408
2535439273419028
2535408341782326
2533274983679081
2535408713091095
2535444696959723
2535432683955086
2535462288156040
2535419903963775
2535432091704221
2535467725263265
2535458625811398
2535440719807917
2535423857169735
2535424988484349
2535451111089234
2535424051534002
2535453456935480
2533274965415802
2533274921136625
2535456481894269
2535463506104975
2535407612853045
2535470375321840
2535414520335890
2535414166909854
2535466127415727
2535417469479982
2535431894061098
2535423950292046
2535448159554856
2535411452954098
2535452681097824
2535469850797894
2535469453760338
2535433928811229
2535405798191844
2535432275995459
2535413853888200
2535438471715849
2535405826528503
2535469603673052
2535441677631456
2535415283382843
2535440196186416
2535434732102324
2535419723271391
2535427888342497
2535445429703448
2535412158270199
2535446949318558
2535426838778836
2535438289140296
2535420519140659
2535428064022695
2535447669911289
2535470480103834
2535424805393730
2535419508547078
2535445229634435
2535449294247643
2535466484732811
2535429999292744
2535465024926430
2535409868921983
2535461952029396
2535427050747305
2535417727499851
2535416279197504
2535424825189455
2535405326712642
2535454485065569
2535462599000411
2535463636818388
2535432659204776
2535412082402621
2535432567130094
2535414107788559
2535407892279897
2535441960351385
2535446820192364
2535410477742088
2535451959702376
2535426653081717
2535454229249108
2535425824571921
2535414905525898
2535435519247023
2535428171350962
2535428703260780
2535417594393295
2535441183286679
2535459948007596
2533274801268551
2535461320645902
2535439427430467
2535447409151049
2535430271500147
2535471994434532
2535433634318750
2535450427209480
2535458781760294
2535459105874433
2535462387183585
2535447768850241
2535425390254691
2535426160132707
2535457840073056
2535422038327418
2535423271826487
2535417899141312
2535428063971421
2535408273820869
2535422283969122
2535421742525815
2535455969763962
2535460049253928
2535462130313007
2535411171495002
2535405896897408
2535405162812792
2535428442606020
2535459269762777
2535440259901165
2535424609545870
2535433731109166
2535411344399365
2535416655820079
2535431376031270
2535425958406265
2535471501385085
2535449594167540
2535417641464440
2535406096226066
2535405258093146
2535446468826302
2535439571453404
2535442760440363
2535447323911622
2535406790279090
2535426829937620
2535406818981079
2535459612615445
2535416923550624
2535434936514959
2535459161996270
2535469334281486
2535452996546442
2535462695363447
2533274981502848
2535464212579913
2535459588570307
2535467912513913
2535469158421259
2535431035289425
2535429592747000
2535454108643403
2535434789142453
2535429965899094
2535406119693940
2535426025783321
2535434536224544
2535465730172953
2535417016228985
2535472084432074
2535453575842691
2535448864509776
2535457474308337
2535466299367292
2535413639057709
2535422006243920
2535420597502614
2535433529090950
2535465284369210
2535456982546480
2535411771112361
2535418674925106
2535430246595976
2535449208494101
2535471332922461
2535422751302221
2535435574671957
2535415407588200
2535422427270059
2535410980322019
2535455454586734
2535451246382324
2535437754779833
2535433200152702
2535421936934401
2535433208111136
2535419888329803
2535428809111439
2535455211185593
2535472266434663
2535456941044900
2535452990588949
2535432117802418
2535406538844033
2535464194512064
2533274907534276
2535471386674955
2535427179855269
2535408387485201
2535424661832533
2535445935163677
2535459668605289
2535432502946710
2535436862685103
2535446400726238
2535420076662987
2535456256480701
2535434714547609
2535429415658659
2535467151528848
2535446515355130
2535418082235566