2535435060752540
2535457421291375
2535443474355730
2535439546064882
2535451808985270
2535449351501887
2535424485071479
2535470462978561
2535442340785327
2535451266118903
2535413618558167
2535420445021681
2535405235418566
2533275014074408
2533274983679081
2535408713091095
2535419903963775
2535424988484349
2535424051534002
2535453456935480
2535407612853045
2535414520335890
2535414166909854
2535466127415727
2535417469479982
2535431894061098
2535411452954098
2535469850797894
2535469453760338
2535413853888200
2535405826528503
2535441677631456
2535427888342497
2535446949318558
2535426838778836
2535438289140296
2535420519140659
2535428064022695
2535470480103834
2535466484732811
2535461952029396
2535424825189455
2535462599000411
2535432659204776
2535432567130094
2535414107788559
2535407892279897
2535441960351385
2535410477742088
2535426653081717
2535414905525898
2535435519247023
2535428171350962
2535417594393295
2535441183286679
2535450427209480
2535458781760294
2535459105874433
2535447768850241
2535425390254691
2535426160132707
2535422038327418
2535428063971421
2535422283969122
2535455969763962
2535428442606020
2535459269762777
2535424609545870
2535411344399365
2535416655820079
2535425958406265
2535471501385085
2535449594167540
2535417641464440
2535406096226066
2535405258093146
2535447323911622
2535426829937620
2535459612615445
2535452996546442
2533274981502848
2535459588570307
2535467912513913
2535429592747000
2535429965899094
2535406119693940
2535434536224544
2535417016228985
2535472084432074
2535448864509776
2535422006243920
2535433529090950
2535422751302221
2535435574671957
2535415407588200
2535415407588200
2535455454586734
2535433200152702
2535419888329803
2535455211185593
2535456941044900
2535432117802418
2535406538844033
2533274907534276
2535427179855269
2535432502946710
2535436862685103
2535446400726238
2535420076662987
2535456256480701
2535434714547609
2535446515355130
2535418082235566